READ TERR 1 2
! WTHRhard
97.892	0.931	-0.871	692.357569	60.521285	-60.521285
99.886	0.935	-1.063	761.736131	60.878824	-60.878824
101.844	0.969	-1.023	868.324326	65.462109	-65.462109
103.602	0.774	-0.788	758.91092	68.622134	-68.622134
105.568	1.132	-1.193	740.249629	56.246233	-56.246233
107.489	0.891	-0.788	655.170425	61.23084	-61.23084
109.281	0.819	-0.901	703.309076	62.51802	-62.51802
111.068	0.847	-0.968	618.146406	56.856228	-56.856228
113.144	1.139	-1.229	680.494165	51.739104	-51.739104
115.104	0.882	-0.821	589.326012	56.596915	-56.596915
117.122	1.178	-1.136	530.617392	46.939613	-46.939613
119.395	0.967	-1.095	550.76243	51.85018	-51.85018
121.408	0.999	-1.045	539.395377	50.386422	-50.386422
123.286	0.935	-0.879	423.133931	47.224459	-47.224459
125.706	1.341	-1.484	459.726547	39.676635	-39.676635
128.024	1.039	-0.977	414.442738	44.106056	-44.106056
130.122	1.115	-1.06	421.034131	43.391451	-43.391451
132.423	1.073	-1.187	422.82089	42.760079	-42.760079
134.444	0.849	-0.948	385.504185	45.1857	-45.1857
136.380	0.974	-1.087	410.168223	43.361616	-43.361616
138.515	1.180	-1.162	369.534327	39.364042	-39.364042
140.724	0.887	-1.029	369.579462	42.827966	-42.827966
142.819	0.934	-1.208	323.911197	38.500395	-38.500395
144.701	1.029	-0.948	385.215816	42.949591	-42.949591
146.608	0.951	-0.878	399.517318	45.266195	-45.266195
148.717	0.918	-1.158	302.277327	37.714625	-37.714625
150.786	1.033	-1.152	271.545058	34.555937	-34.555937
152.893	1.129	-1.073	257.314708	33.532021	-33.532021
155.169	0.959	-1.148	313.506016	37.445995	-37.445995
157.551	1.394	-1.423	261.190643	29.625418	-29.625418
159.904	0.686	-0.96	296.633977	32.525251	-32.525251
161.258	0.627	-0.668	180.102914	23.395368	-23.395368
162.457	0.558	-0.572	274.903885	30.340601	-30.340601
163.713	0.653	-0.698	176.305153	22.340197	-22.340197
164.912	0.543	-0.546	216.444188	27.727276	-27.727276
166.058	0.558	-0.604	284.995428	30.320583	-30.320583
167.209	0.644	-0.592	267.775293	28.555296	-28.555296
168.417	0.580	-0.564	242.966568	28.578625	-28.578625
169.5018	0.4822	-0.5052	266.809102	32.150239	-32.150239
170.583	0.538	-0.599	211.714512	26.566725	-26.566725
171.6379	0.4544	-0.517	260.395004	32.133441	-32.133441
172.640	0.538	-0.548	257.579893	29.866142	-29.866142
173.6519	0.4312	-0.4744	283.336581	34.787113	-34.787113
174.708	0.701	-0.625	272.085483	28.178099	-28.178099
175.990	0.550	-0.582	228.880677	27.700006	-27.700006
177.110	0.527	-0.569	221.945598	27.538926	-27.538926
178.388	0.670	-0.752	257.951045	26.783353	-26.783353
179.652	0.692	-0.594	187.233586	23.582989	-23.582989
180.994	0.626	-0.65	198.353134	24.309218	-24.309218
182.502	0.840	-0.882	139.235649	18.22542	-18.22542
184.093	0.816	-0.751	191.006813	21.862494	-21.862494
185.679	0.709	-0.77	197.458174	22.939793	-22.939793
187.133	0.786	-0.745	172.72972	20.847114	-20.847114
188.713	0.756	-0.793	124.270709	17.832564	-17.832564
190.352	0.877	-0.883	139.097691	17.714275	-17.714275
192.005	0.823	-0.776	150.297136	19.384468	-19.384468
193.810	0.910	-0.982	126.58941	16.35379	-16.35379
195.935	1.092	-1.216	105.864936	13.349014	-13.349014
198.205	1.083	-1.179	105.871866	13.711326	-13.711326
200.124	0.890	-0.836	141.553802	17.836064	-17.836064
202.077	0.841	-1.063	128.097829	16.091755	-16.091755
203.604	0.637	-0.686	127.958226	19.246465	-19.246465
205.201	0.991	-0.96	115.50663	15.108261	-15.108261
207.340	1.066	-1.147	104.0875	13.968142	-13.968142
209.340	0.980	-0.934	109.478861	14.766748	-14.766748
211.408	0.962	-1.088	118.307896	14.889794	-14.889794
213.720	1.182	-1.35	93.993922	12.143988	-12.143988
216.465	1.595	-1.563	73.464676	9.466713	-9.466713
219.589	1.618	-1.529	76.434294	9.771177	-9.771177
222.523	1.369	-1.316	82.675652	10.866097	-10.866097
225.317	1.535	-1.426	64.609704	8.342438	-8.342438
228.037	0.941	-1.185	88.081799	11.690405	-11.690405
230.624	1.407	-1.646	62.949939	8.153658	-8.153658
233.592	1.626	-1.561	60.004628	7.659	-7.659
237.077	1.759	-1.86	53.925612	6.73586	-6.73586
240.111	1.488	-1.275	49.874362	7.50329	-7.50329
243.646	2.013	-2.047	45.245931	5.922556	-5.922556
247.697	1.750	-2.038	50.39733	6.326179	-6.326179
251.754	2.384	-2.307	32.755585	4.689265	-4.689265
256.175	1.479	-2.037	25.829221	3.78313	-3.78313
258.461	0.855	-0.807	30.347583	4.523966	-4.523966
260.298	0.941	-0.982	36.854671	4.681922	-4.681922
262.343	1.089	-1.104	34.226988	4.181513	-4.181513
264.248	0.862	-0.815	36.904038	5.023514	-5.023514
265.989	0.826	-0.878	41.422205	5.218731	-5.218731
267.704	0.827	-0.89	32.631806	4.614851	-4.614851
269.436	0.978	-0.904	30.950355	4.292058	-4.292058
271.645	1.152	-1.232	29.253755	3.746664	-3.746664
273.458	0.658	-0.66	37.604933	5.736364	-5.736364
275.105	1.112	-0.989	28.393389	3.938641	-3.938641
277.389	1.120	-1.172	27.50144	3.709407	-3.709407
279.557	1.046	-1.049	25.819269	3.767252	-3.767252
281.618	1.074	-1.015	24.141684	3.598842	-3.598842
283.963	1.264	-1.272	23.093721	3.234742	-3.234742
286.470	1.292	-1.243	19.889329	2.964936	-2.964936
288.922	1.011	-1.16	25.293818	3.613415	-3.613415
291.215	1.215	-1.283	19.846332	3.027416	-3.027416
293.302	0.829	-0.872	29.640429	4.418549	-4.418549
295.313	1.293	-1.182	20.371454	3.036807	-3.036807
297.900	1.311	-1.294	19.032829	2.903322	-2.903322
300.447	1.177	-1.237	20.183666	3.151231	-3.151231
302.654	0.948	-1.029	29.469618	4.086716	-4.086716
304.943	1.214	-1.341	19.730689	2.941287	-2.941287
307.304	1.199	-1.147	21.480913	3.202196	-3.202196
310.043	1.585	-1.54	16.126017	2.403933	-2.403933
312.588	0.903	-0.959	26.611016	4.05932	-4.05932
314.922	1.534	-1.43	17.007065	2.535272	-2.535272
317.542	1.161	-1.086	22.433711	3.344231	-3.344231
320.318	1.542	-1.616	15.863558	2.364807	-2.364807
323.584	1.780	-1.723	14.297758	2.108096	-2.108096
327.364	1.909	-2	12.535493	1.868687	-1.868687
330.905	1.649	-1.633	14.79136	2.256316	-2.256316
334.215	1.604	-1.661	11.409748	2.017381	-2.017381
338.237	2.258	-2.418	10.602545	1.617342	-1.617342
342.561	2.168	-2.066	11.906291	1.774891	-1.774891
347.846	2.763	-3.117	7.859781	1.317523	-1.317523
353.277	2.462	-2.667	9.337629	1.492458	-1.492458
358.844	3.154	-3.105	7.920526	1.20822	-1.20822
364.785	2.995	-2.787	8.573891	1.307886	-1.307886
370.491	3.332	-2.711	6.488238	1.176096	-1.176096
377.967	4.490	-4.144	5.061943	0.91318	-0.91318
385.418	3.255	-2.961	5.632836	1.028577	-1.028577
394.128	6.173	-5.454	3.974773	0.666285	-0.666285
405.604	5.013	-5.304	3.908972	0.781117	-0.781117
416.021	5.919	-5.404	2.077752	0.599796	-0.599796
427.739	6.060	-5.8	3.401214	0.679653	-0.679653
438.989	4.933	-5.19	2.656364	0.650109	-0.650109
447.803	4.483	-3.88	2.779799	0.851898	-0.851898
458.893	7.029	-6.607	1.337428	0.546003	-0.546003
NO NO NO NO NO NO
! PCHR_incbadhard
4626.390	167.819	-195.741	0.080328	0.018112	-0.018112
4956.745	218.574	-162.537	0.098166	0.022264	-0.022264
5392.587	153.814	-217.268	0.098224	0.021702	-0.021702
5678.618	161.138	-132.217	0.074081	0.018603	-0.018603
5973.100	157.504	-133.344	0.092557	0.02102	-0.02102
6355.545	203.804	-224.942	0.072435	0.015684	-0.015684
10455.067	258.605	-240.35	0.078789	0.017937	-0.017937
11041.098	304.416	-327.426	0.063243	0.014415	-0.014415
11624.265	242.769	-278.751	0.101903	0.02527	-0.02527
12008.276	129.547	-141.243	0.149453	0.033658	-0.033658
12364.506	262.239	-226.683	0.139112	0.024264	-0.024264
16177.623	189.344	-179.23	0.074644	0.016751	-0.016751
16487.290	132.916	-120.322	0.10698	0.024064	-0.024064
16775.374	133.172	-155.168	0.093594	0.021028	-0.021028
17080.366	206.784	-171.82	0.070386	0.015966	-0.015966
17469.828	180.881	-182.678	0.074101	0.016708	-0.016708
17902.157	222.434	-251.448	0.10099	0.022738	-0.022738
18292.480	214.385	-167.89	0.083854	0.018423	-0.018423
21996.967	231.584	-209.702	0.057749	0.015145	-0.015145
22461.853	238.072	-233.302	0.069899	0.015907	-0.015907
22908.131	258.153	-208.206	0.070909	0.016252	-0.016252
23390.660	246.998	-224.376	0.093228	0.021016	-0.021016
23943.673	347.993	-306.015	0.070288	0.01368	-0.01368
27719.832	124.774	-151.03	0.097704	0.02203	-0.02203
27978.238	122.114	-133.632	0.106265	0.02379	-0.02379
28251.665	147.057	-151.313	0.095663	0.021066	-0.021066
28641.754	235.859	-243.033	0.1023	0.017197	-0.017197
41254.570	3942.371	-495.569	0.052426	0.012251	-0.012251
45345.032	130.220	-148.091	0.083758	0.019334	-0.019334
45735.900	233.290	-260.647	0.061165	0.01236	-0.01236
51330.540	398.745	-408.606	0.042863	0.008077	-0.008077
57102.031	445.998	-358.846	0.030519	0.006938	-0.006938
63057.568	5333.971	-555.639	0.02669	0.006222	-0.006222
68671.447	336.888	-279.908	0.046013	0.009701	-0.009701
74516.275	372.831	-434.52	0.028528	0.006637	-0.006637
80423.479	464.257	-581.287	0.024353	0.00543	-0.00543
86156.645	550.994	-489.535	0.021752	0.005133	-0.005133
92138.545	810.167	-716.779	0.022811	0.004329	-0.004329
97980.872	848.027	-739.094	0.019167	0.003953	-0.003953
103821.934	765.498	-819.116	0.022442	0.004283	-0.004283
109562.463	786.439	-800.682	0.01934	0.004001	-0.004001
115329.907	837.808	-741.791	0.019197	0.003972	-0.003972
121107.861	821.016	-766.104	0.011905	0.003123	-0.003123
127324.416	4946.684	-1162.651	0.009546	0.002538	-0.002538
133003.824	623.729	-732.723	0.01434	0.003742	-0.003742
138521.254	866.285	-838.679	0.011957	0.003041	-0.003041
147472.865	3496.330	-3969.217	0.010682	0.002035	-0.002035
166117.970	7531.006	-11031.122	0.012559	0.002081	-0.002081
181900.562	3748.373	-3719.046	0.008156	0.001838	-0.001838
192485.188	4744.404	-2721.389	0.00685	0.001711	-0.001711
206755.882	6627.113	-5409.161	0.005187	0.001343	-0.001343
222298.621	9670.606	-8739.597	0.003545	0.000906	-0.000906
245226.838	15241.726	-9203.92	0.004851	0.001155	-0.001155
278977.938	10769.892	-14040.812	0.002706	0.000722	-0.000722
313666.844	33622.743	-19677.232	0.002142	0.00058	-0.00058
377911.463	44016.714	-25967.938	0.001425	0.000345	-0.000345
469761.069	51167.236	-42935.079	0.001043	0.000299	-0.000299
642884.992	150503.142	-117481.646	0.000591	0.000141	-0.000141
1145200.728	348027.457	-347756.769	0.000134	5e-05	-5e-05
1785913.481	927174.426	-289239.999	0.000108	4.4e-05	-4.4e-05
NO NO NO NO NO NO
! WTHRsoft
97.892	0.931	-0.871	461.55112	48.477864	-48.477864
99.886	0.935	-1.063	443.087569	45.113644	-45.113644
101.844	0.969	-1.023	379.291218	42.142955	-42.142955
103.602	0.774	-0.788	360.174404	48.112591	-48.112591
105.568	1.132	-1.193	366.294286	39.309177	-39.309177
107.489	0.891	-0.788	329.3829	44.331166	-44.331166
109.281	0.819	-0.901	466.353285	50.776251	-50.776251
111.068	0.847	-0.968	325.639992	40.27674	-40.27674
113.144	1.139	-1.229	367.116723	38.209248	-38.209248
115.104	0.882	-0.821	330.239288	43.515442	-43.515442
117.122	1.178	-1.136	238.884789	32.154266	-32.154266
119.395	0.967	-1.095	282.897285	37.107385	-37.107385
121.408	0.999	-1.045	321.403659	38.304734	-38.304734
123.286	0.935	-0.879	352.159411	42.576922	-42.576922
125.706	1.341	-1.484	306.405149	32.388262	-32.388262
128.024	1.039	-0.977	276.09782	37.193466	-37.193466
130.122	1.115	-1.06	269.476268	34.079975	-34.079975
132.423	1.073	-1.187	261.425249	32.725296	-32.725296
134.444	0.849	-0.948	320.682139	41.38926	-41.38926
136.380	0.974	-1.087	293.396673	36.070034	-36.070034
138.515	1.180	-1.162	245.978201	31.750078	-31.750078
140.724	0.887	-1.029	300.435325	38.380075	-38.380075
142.819	0.934	-1.208	272.887284	34.588689	-34.588689
144.701	1.029	-0.948	291.24157	37.186071	-37.186071
146.608	0.951	-0.878	322.586724	39.917657	-39.917657
148.717	0.918	-1.158	279.563773	35.334379	-35.334379
150.786	1.033	-1.152	259.359534	33.822914	-33.822914
152.893	1.129	-1.073	263.820705	33.326746	-33.326746
155.169	0.959	-1.148	271.318495	34.969288	-34.969288
157.551	1.394	-1.423	204.629577	26.09887	-26.09887
159.904	0.686	-0.96	282.107695	36.030663	-36.030663
161.258	0.627	-0.668	249.093385	26.717049	-26.717049
162.457	0.558	-0.572	206.478728	26.780056	-26.780056
163.713	0.653	-0.698	214.76075	24.308476	-24.308476
164.912	0.543	-0.546	224.184741	27.760833	-27.760833
166.058	0.558	-0.604	206.98929	25.823488	-25.823488
167.209	0.644	-0.592	192.54022	24.370067	-24.370067
168.417	0.580	-0.564	210.209256	26.3949	-26.3949
169.5018	0.4822	-0.5052	241.110255	30.574751	-30.574751
170.583	0.538	-0.599	244.699057	28.791977	-28.791977
171.6379	0.4544	-0.517	247.921831	31.110155	-31.110155
172.640	0.538	-0.548	224.127958	27.793115	-27.793115
173.6519	0.4312	-0.4744	265.947512	33.43982	-33.43982
174.708	0.701	-0.625	176.254696	23.079026	-23.079026
175.990	0.550	-0.582	212.838576	26.691543	-26.691543
177.110	0.527	-0.569	225.258219	27.741296	-27.741296
178.388	0.670	-0.752	167.711272	21.407587	-21.407587
179.652	0.692	-0.594	192.878465	23.944325	-23.944325
180.994	0.626	-0.65	190.680892	24.009104	-24.009104
182.502	0.840	-0.882	234.412466	23.295594	-23.295594
184.093	0.816	-0.751	156.145915	19.887265	-19.887265
185.679	0.709	-0.77	167.210871	21.078397	-21.078397
187.133	0.786	-0.745	161.38673	20.270793	-20.270793
188.713	0.756	-0.793	177.177446	21.257771	-21.257771
190.352	0.877	-0.883	147.569572	18.253252	-18.253252
192.005	0.823	-0.776	163.693616	20.085876	-20.085876
193.810	0.910	-0.982	173.978293	19.272253	-19.272253
195.935	1.092	-1.216	138.320608	15.402512	-15.402512
198.205	1.083	-1.179	146.583986	16.140055	-16.140055
200.124	0.890	-0.836	145.821487	18.108724	-18.108724
202.077	0.841	-1.063	175.107273	18.980392	-18.980392
203.604	0.637	-0.686	135.31056	19.589878	-19.589878
205.201	0.991	-0.96	131.097918	15.844887	-15.844887
207.340	1.066	-1.147	132.122174	15.051741	-15.051741
209.340	0.980	-0.934	122.200081	15.470417	-15.470417
211.408	0.962	-1.088	131.973383	15.64043	-15.64043
213.720	1.182	-1.35	134.012564	14.416357	-14.416357
216.465	1.595	-1.563	116.395187	12.177647	-12.177647
219.589	1.618	-1.529	126.85707	12.547659	-12.547659
222.523	1.369	-1.316	135.956299	13.732075	-13.732075
225.317	1.535	-1.426	109.528832	11.094855	-11.094855
228.037	0.941	-1.185	122.440555	13.574162	-13.574162
230.624	1.407	-1.646	109.729799	10.856827	-10.856827
233.592	1.626	-1.561	118.469117	10.973432	-10.973432
237.077	1.759	-1.86	96.482578	9.388569	-9.388569
240.111	1.488	-1.275	98.628693	10.933714	-10.933714
243.646	2.013	-2.047	94.234998	8.67863	-8.67863
247.697	1.750	-2.038	97.268727	9.038177	-9.038177
251.754	2.384	-2.307	88.588107	7.890324	-7.890324
256.175	1.479	-2.037	98.03378	8.438675	-8.438675
258.461	0.855	-0.807	81.769876	7.466107	-7.466107
260.298	0.941	-0.982	86.237016	7.088716	-7.088716
262.343	1.089	-1.104	81.097529	6.515922	-6.515922
264.248	0.862	-0.815	78.817675	7.255818	-7.255818
265.989	0.826	-0.878	75.776335	7.098649	-7.098649
267.704	0.827	-0.89	73.910057	6.985382	-6.985382
269.436	0.978	-0.904	77.524687	6.827041	-6.827041
271.645	1.152	-1.232	74.36798	5.936257	-5.936257
273.458	0.658	-0.66	60.337859	7.160824	-7.160824
275.105	1.112	-0.989	78.91496	6.486841	-6.486841
277.389	1.120	-1.172	64.537031	5.617282	-5.617282
279.557	1.046	-1.049	75.584906	6.389307	-6.389307
281.618	1.074	-1.015	66.12139	5.987598	-5.987598
283.963	1.264	-1.272	68.176199	5.512708	-5.512708
286.470	1.292	-1.243	63.866845	5.361118	-5.361118
288.922	1.011	-1.16	61.686077	5.7046	-5.7046
291.215	1.215	-1.283	59.090492	5.224455	-5.224455
293.302	0.829	-0.872	52.035419	5.854476	-5.854476
295.313	1.293	-1.182	65.301826	5.461838	-5.461838
297.900	1.311	-1.294	57.636137	4.979053	-4.979053
300.447	1.177	-1.237	59.507064	5.281471	-5.281471
302.654	0.948	-1.029	58.514194	5.79512	-5.79512
304.943	1.214	-1.341	51.847866	4.794363	-4.794363
307.304	1.199	-1.147	55.611696	5.210091	-5.210091
310.043	1.585	-1.54	46.76556	4.215493	-4.215493
312.588	0.903	-0.959	54.124101	5.705219	-5.705219
314.922	1.534	-1.43	50.926712	4.450817	-4.450817
317.542	1.161	-1.086	42.62405	4.679945	-4.679945
320.318	1.542	-1.616	51.058517	4.240224	-4.240224
323.584	1.780	-1.723	41.96081	3.680999	-3.680999
327.364	1.909	-2	41.367126	3.424536	-3.424536
330.905	1.649	-1.633	43.654067	3.874813	-3.874813
334.215	1.604	-1.661	37.746533	3.59902	-3.59902
338.237	2.258	-2.418	41.990871	3.183843	-3.183843
342.561	2.168	-2.066	41.142729	3.327115	-3.327115
347.846	2.763	-3.117	37.631679	2.695525	-2.695525
353.277	2.462	-2.667	39.64387	2.963886	-2.963886
358.844	3.154	-3.105	34.322278	2.503965	-2.503965
364.785	2.995	-2.787	34.29548	2.57784	-2.57784
370.491	3.332	-2.711	25.257783	2.174268	-2.174268
377.967	4.490	-4.144	25.666403	1.843292	-1.843292
385.418	3.255	-2.961	22.667016	2.052765	-2.052765
394.128	6.173	-5.454	23.632043	1.529109	-1.529109
405.604	5.013	-5.304	21.282176	1.540402	-1.540402
416.021	5.919	-5.404	19.070796	1.406011	-1.406011
427.739	6.060	-5.8	18.989143	1.373949	-1.373949
438.989	4.933	-5.19	13.420762	1.276812	-1.276812
447.803	4.483	-3.88	12.12383	1.363723	-1.363723
458.893	7.029	-6.607	11.016845	1.01181	-1.01181
NO NO NO NO NO NO
! PCHR_incbadsoft
4626.390	167.819	-195.741	0.112275	0.021344	-0.021344
4956.745	218.574	-162.537	0.098186	0.021643	-0.021643
5392.587	153.814	-217.268	0.145283	0.026797	-0.026797
5678.618	161.138	-132.217	0.129549	0.024649	-0.024649
5973.100	157.504	-133.344	0.145165	0.026193	-0.026193
6355.545	203.804	-224.942	0.138612	0.02117	-0.02117
10455.067	258.605	-240.35	0.156357	0.025252	-0.025252
11041.098	304.416	-327.426	0.137857	0.021187	-0.021187
11624.265	242.769	-278.751	0.139099	0.028813	-0.028813
12008.276	129.547	-141.243	0.150165	0.033738	-0.033738
12364.506	262.239	-226.683	0.168848	0.026601	-0.026601
16177.623	189.344	-179.23	0.116118	0.020619	-0.020619
16487.290	132.916	-120.322	0.11242	0.024643	-0.024643
16775.374	133.172	-155.168	0.102731	0.021997	-0.021997
17080.366	206.784	-171.82	0.153111	0.023518	-0.023518
17469.828	180.881	-182.678	0.133098	0.02233	-0.02233
17902.157	222.434	-251.448	0.139042	0.025295	-0.025295
18292.480	214.385	-167.89	0.103791	0.020599	-0.020599
21996.967	231.584	-209.702	0.100007	0.019826	-0.019826
22461.853	238.072	-233.302	0.123929	0.02113	-0.02113
22908.131	258.153	-208.206	0.118108	0.020691	-0.020691
23390.660	246.998	-224.376	0.134891	0.024762	-0.024762
23943.673	347.993	-306.015	0.090112	0.015584	-0.015584
27719.832	124.774	-151.03	0.10176	0.022485	-0.022485
27978.238	122.114	-133.632	0.121406	0.025552	-0.025552
28251.665	147.057	-151.313	0.136923	0.025058	-0.025058
28641.754	235.859	-243.033	0.15871	0.021281	-0.021281
41254.570	3942.371	-495.569	0.10939	0.017718	-0.017718
45345.032	130.220	-148.091	0.086917	0.01971	-0.01971
45735.900	233.290	-260.647	0.103475	0.0161	-0.0161
51330.540	398.745	-408.606	0.085185	0.011343	-0.011343
57102.031	445.998	-358.846	0.058149	0.00953	-0.00953
63057.568	5333.971	-555.639	0.052314	0.008692	-0.008692
68671.447	336.888	-279.908	0.04798	0.00991	-0.00991
74516.275	372.831	-434.52	0.040732	0.007907	-0.007907
80423.479	464.257	-581.287	0.04691	0.007493	-0.007493
86156.645	550.994	-489.535	0.034836	0.006449	-0.006449
92138.545	810.167	-716.779	0.036418	0.005438	-0.005438
97980.872	848.027	-739.094	0.031264	0.005039	-0.005039
103821.934	765.498	-819.116	0.032195	0.00513	-0.00513
109562.463	786.439	-800.682	0.027234	0.004724	-0.004724
115329.907	837.808	-741.791	0.022597	0.004326	-0.004326
121107.861	821.016	-766.104	0.01918	0.003967	-0.003967
127324.416	4946.684	-1162.651	0.016025	0.003269	-0.003269
133003.824	623.729	-732.723	0.019991	0.004424	-0.004424
138521.254	866.285	-838.679	0.017167	0.003639	-0.003639
147472.865	3496.330	-3969.217	0.014118	0.002344	-0.002344
166117.970	7531.006	-11031.122	0.009213	0.001789	-0.001789
181900.562	3748.373	-3719.046	0.00734	0.001747	-0.001747
192485.188	4744.404	-2721.389	0.010117	0.002031	-0.002031
206755.882	6627.113	-5409.161	0.007458	0.001601	-0.001601
222298.621	9670.606	-8739.597	0.007424	0.001289	-0.001289
245226.838	15241.726	-9203.92	0.004197	0.00109	-0.00109
278977.938	10769.892	-14040.812	0.002854	0.000741	-0.000741
313666.844	33622.743	-19677.232	0.00273	0.000675	-0.000675
377911.463	44016.714	-25967.938	0.001204	0.000323	-0.000323
469761.069	51167.236	-42935.079	0.001402	0.000331	-0.000331
642884.992	150503.142	-117481.646	0.00035	0.000107	-0.000107
1145200.728	348027.457	-347756.769	0.000148	4.8e-05	-4.8e-05
1785913.481	927174.426	-289239.999	0.000111	4.1e-05	-4.1e-05
NO NO NO NO NO NO
! WTHRratio
97.892	0.931	-0.871	1.500067	0.204549	-0.204549
99.886	0.935	-1.063	1.719155	0.221808	-0.221808
101.844	0.969	-1.023	2.289334	0.305698	-0.305698
103.602	0.774	-0.788	2.107065	0.337943	-0.337943
105.568	1.132	-1.193	2.020915	0.263328	-0.263328
107.489	0.891	-0.788	1.989085	0.324662	-0.324662
109.281	0.819	-0.901	1.508104	0.211303	-0.211303
111.068	0.847	-0.968	1.898251	0.29178	-0.29178
113.144	1.139	-1.229	1.853618	0.237668	-0.237668
115.104	0.882	-0.821	1.784542	0.289849	-0.289849
117.122	1.178	-1.136	2.221227	0.356299	-0.356299
119.395	0.967	-1.095	1.946864	0.313036	-0.313036
121.408	0.999	-1.045	1.678249	0.252833	-0.252833
123.286	0.935	-0.879	1.201541	0.196799	-0.196799
125.706	1.341	-1.484	1.500388	0.20337	-0.20337
128.024	1.039	-0.977	1.501072	0.256516	-0.256516
130.122	1.115	-1.06	1.562416	0.253739	-0.253739
132.423	1.073	-1.187	1.617368	0.259055	-0.259055
134.444	0.849	-0.948	1.202138	0.208819	-0.208819
136.380	0.974	-1.087	1.397999	0.225733	-0.225733
138.515	1.180	-1.162	1.502305	0.250406	-0.250406
140.724	0.887	-1.029	1.230146	0.211358	-0.211358
142.819	0.934	-1.208	1.186978	0.205452	-0.205452
144.701	1.029	-0.948	1.322668	0.223443	-0.223443
146.608	0.951	-0.878	1.23848	0.207207	-0.207207
148.717	0.918	-1.158	1.081246	0.191415	-0.191415
150.786	1.033	-1.152	1.046983	0.190156	-0.190156
152.893	1.129	-1.073	0.975339	0.176568	-0.176568
155.169	0.959	-1.148	1.155491	0.202633	-0.202633
157.551	1.394	-1.423	1.276407	0.217405	-0.217405
159.904	0.686	-0.96	1.051492	0.176162	-0.176162
161.258	0.627	-0.668	0.723034	0.12064	-0.12064
162.457	0.558	-0.572	1.331391	0.225064	-0.225064
163.713	0.653	-0.698	0.820938	0.13795	-0.13795
164.912	0.543	-0.546	0.965472	0.170692	-0.170692
166.058	0.558	-0.604	1.376861	0.223735	-0.223735
167.209	0.644	-0.592	1.39075	0.22775	-0.22775
168.417	0.580	-0.564	1.155832	0.195952	-0.195952
169.5018	0.4822	-0.5052	1.106585	0.191392	-0.191392
170.583	0.538	-0.599	0.865204	0.146681	-0.146681
171.6379	0.4544	-0.517	1.050311	0.182315	-0.182315
172.640	0.538	-0.548	1.149254	0.192006	-0.192006
173.6519	0.4312	-0.4744	1.065385	0.184269	-0.184269
174.708	0.701	-0.625	1.543706	0.252632	-0.252632
175.990	0.550	-0.582	1.075372	0.184886	-0.184886
177.110	0.527	-0.569	0.985294	0.169606	-0.169606
178.388	0.670	-0.752	1.538066	0.247819	-0.247819
179.652	0.692	-0.594	0.970733	0.168678	-0.168678
180.994	0.626	-0.65	1.040236	0.179625	-0.179625
182.502	0.840	-0.882	0.593977	0.095644	-0.095644
184.093	0.816	-0.751	1.223258	0.205985	-0.205985
185.679	0.709	-0.77	1.180893	0.19855	-0.19855
187.133	0.786	-0.745	1.070285	0.183544	-0.183544
188.713	0.756	-0.793	0.701391	0.129626	-0.129626
190.352	0.877	-0.883	0.942591	0.164733	-0.164733
192.005	0.823	-0.776	0.918161	0.161015	-0.161015
193.810	0.910	-0.982	0.727616	0.121552	-0.121552
195.935	1.092	-1.216	0.765359	0.126122	-0.126122
198.205	1.083	-1.179	0.722261	0.120166	-0.120166
200.124	0.890	-0.836	0.970733	0.168678	-0.168678
202.077	0.841	-1.063	0.731539	0.119358	-0.119358
203.604	0.637	-0.686	0.945663	0.194958	-0.194958
205.201	0.991	-0.96	0.881071	0.155326	-0.155326
207.340	1.066	-1.147	0.787813	0.136522	-0.136522
209.340	0.980	-0.934	0.895898	0.163733	-0.163733
211.408	0.962	-1.088	0.896453	0.152234	-0.152234
213.720	1.182	-1.35	0.701381	0.115697	-0.115697
216.465	1.595	-1.563	0.631166	0.10268	-0.10268
219.589	1.618	-1.529	0.602523	0.095099	-0.095099
222.523	1.369	-1.316	0.608105	0.098456	-0.098456
225.317	1.535	-1.426	0.589888	0.093531	-0.093531
228.037	0.941	-1.185	0.719384	0.120441	-0.120441
230.624	1.407	-1.646	0.573681	0.09058	-0.09058
233.592	1.626	-1.561	0.5065	0.078206	-0.078206
237.077	1.759	-1.86	0.558916	0.086138	-0.086138
240.111	1.488	-1.275	0.505678	0.091868	-0.091868
243.646	2.013	-2.047	0.480139	0.07425	-0.07425
247.697	1.750	-2.038	0.518125	0.078111	-0.078111
251.754	2.384	-2.307	0.369751	0.060665	-0.060665
256.175	1.479	-2.037	0.263473	0.044327	-0.044327
258.461	0.855	-0.807	0.371134	0.064878	-0.064878
260.298	0.941	-0.982	0.427365	0.064665	-0.064665
262.343	1.089	-1.104	0.422047	0.061713	-0.061713
264.248	0.862	-0.815	0.46822	0.076942	-0.076942
265.989	0.826	-0.878	0.546638	0.085821	-0.085821
267.704	0.827	-0.89	0.441507	0.075098	-0.075098
269.436	0.978	-0.904	0.399232	0.065583	-0.065583
271.645	1.152	-1.232	0.393365	0.059364	-0.059364
273.458	0.658	-0.66	0.623239	0.120454	-0.120454
275.105	1.112	-0.989	0.359797	0.058014	-0.058014
277.389	1.120	-1.172	0.426134	0.068405	-0.068405
279.557	1.046	-1.049	0.341593	0.057601	-0.057601
281.618	1.074	-1.015	0.365112	0.063683	-0.063683
283.963	1.264	-1.272	0.338736	0.054785	-0.054785
286.470	1.292	-1.243	0.311419	0.053277	-0.053277
288.922	1.011	-1.16	0.410041	0.06978	-0.06978
291.215	1.215	-1.283	0.335863	0.059217	-0.059217
293.302	0.829	-0.872	0.56962	0.106384	-0.106384
295.313	1.293	-1.182	0.311958	0.053324	-0.053324
297.900	1.311	-1.294	0.330224	0.05789	-0.05789
300.447	1.177	-1.237	0.339181	0.060914	-0.060914
302.654	0.948	-1.029	0.503632	0.085823	-0.085823
304.943	1.214	-1.341	0.38055	0.066757	-0.066757
307.304	1.199	-1.147	0.386266	0.068008	-0.068008
310.043	1.585	-1.54	0.344827	0.060071	-0.060071
312.588	0.903	-0.959	0.491667	0.091164	-0.091164
314.922	1.534	-1.43	0.333952	0.057707	-0.057707
317.542	1.161	-1.086	0.526316	0.097443	-0.097443
320.318	1.542	-1.616	0.310694	0.053017	-0.053017
323.584	1.780	-1.723	0.340741	0.058459	-0.058459
327.364	1.909	-2	0.30303	0.051671	-0.051671
330.905	1.649	-1.633	0.338831	0.059799	-0.059799
334.215	1.604	-1.661	0.302273	0.060721	-0.060721
338.237	2.258	-2.418	0.252496	0.043012	-0.043012
342.561	2.168	-2.066	0.28939	0.049078	-0.049078
347.846	2.763	-3.117	0.208861	0.038073	-0.038073
353.277	2.462	-2.667	0.235538	0.041561	-0.041561
358.844	3.154	-3.105	0.230769	0.039021	-0.039021
364.785	2.995	-2.787	0.250001	0.042514	-0.042514
370.491	3.332	-2.711	0.256881	0.051548	-0.051548
377.967	4.490	-4.144	0.197221	0.038294	-0.038294
385.418	3.255	-2.961	0.248504	0.050652	-0.050652
394.128	6.173	-5.454	0.168194	0.030222	-0.030222
405.604	5.013	-5.304	0.183673	0.039036	-0.039036
416.021	5.919	-5.404	0.108949	0.03246	-0.03246
427.739	6.060	-5.8	0.179114	0.038066	-0.038066
438.989	4.933	-5.19	0.197929	0.051972	-0.051972
447.803	4.483	-3.88	0.229284	0.07485	-0.07485
458.893	7.029	-6.607	0.121398	0.050799	-0.050799
NO NO NO NO NO NO
! PCHR_incbadratio
4626.390	167.819	-195.741	0.715458	0.211007	-0.211007
4956.745	218.574	-162.537	0.999794	0.316211	-0.316211
5392.587	153.814	-217.268	0.676086	0.194586	-0.194586
5678.618	161.138	-132.217	0.571839	0.180163	-0.180163
5973.100	157.504	-133.344	0.637596	0.184939	-0.184939
6355.545	203.804	-224.942	0.522574	0.138465	-0.138465
10455.067	258.605	-240.35	0.503902	0.140653	-0.140653
11041.098	304.416	-327.426	0.45876	0.126116	-0.126116
11624.265	242.769	-278.751	0.732595	0.236707	-0.236707
12008.276	129.547	-141.243	0.995264	0.31661	-0.31661
12364.506	262.239	-226.683	0.823888	0.193644	-0.193644
16177.623	189.344	-179.23	0.642831	0.183952	-0.183952
16487.290	132.916	-120.322	0.951612	0.298888	-0.298888
16775.374	133.172	-155.168	0.911059	0.282761	-0.282761
17080.366	206.784	-171.82	0.459705	0.125934	-0.125934
17469.828	180.881	-182.678	0.556739	0.15647	-0.15647
17902.157	222.434	-251.448	0.726328	0.210246	-0.210246
18292.480	214.385	-167.89	0.807909	0.239202	-0.239202
21996.967	231.584	-209.702	0.577443	0.18984	-0.18984
22461.853	238.072	-233.302	0.564019	0.160386	-0.160386
22908.131	258.153	-208.206	0.60037	0.173199	-0.173199
23390.660	246.998	-224.376	0.691134	0.20092	-0.20092
23943.673	347.993	-306.015	0.780007	0.203083	-0.203083
27719.832	124.774	-151.03	0.960139	0.303112	-0.303112
27978.238	122.114	-133.632	0.875289	0.26895	-0.26895
28251.665	147.057	-151.313	0.698662	0.200045	-0.200045
28641.754	235.859	-243.033	0.644573	0.138603	-0.138603
41254.570	3942.371	-495.569	0.479257	0.136267	-0.136267
45345.032	130.220	-148.091	0.963657	0.311825	-0.311825
45735.900	233.290	-260.647	0.591111	0.150753	-0.150753
51330.540	398.745	-408.606	0.50318	0.1161	-0.1161
57102.031	445.998	-358.846	0.524837	0.147084	-0.147084
63057.568	5333.971	-555.639	0.510191	0.146048	-0.146048
68671.447	336.888	-279.908	0.959002	0.283045	-0.283045
74516.275	372.831	-434.52	0.700382	0.212212	-0.212212
80423.479	464.257	-581.287	0.519147	0.142399	-0.142399
86156.645	550.994	-489.535	0.624402	0.187269	-0.187269
92138.545	810.167	-716.779	0.626345	0.151255	-0.151255
97980.872	848.027	-739.094	0.613085	0.160472	-0.160472
103821.934	765.498	-819.116	0.697079	0.173313	-0.173313
109562.463	786.439	-800.682	0.71014	0.191729	-0.191729
115329.907	837.808	-741.791	0.849541	0.239457	-0.239457
121107.861	821.016	-766.104	0.620685	0.20733	-0.20733
127324.416	4946.684	-1162.651	0.595665	0.199625	-0.199625
133003.824	623.729	-732.723	0.717288	0.245438	-0.245438
138521.254	866.285	-838.679	0.696505	0.230612	-0.230612
147472.865	3496.330	-3969.217	0.756613	0.191199	-0.191199
166117.970	7531.006	-11031.122	1.363155	0.347957	-0.347957
181900.562	3748.373	-3719.046	1.111249	0.364296	-0.364296
192485.188	4744.404	-2721.389	0.677099	0.216962	-0.216962
206755.882	6627.113	-5409.161	0.695472	0.233902	-0.233902
222298.621	9670.606	-8739.597	0.477512	0.147501	-0.147501
245226.838	15241.726	-9203.92	1.15594	0.407284	-0.407284
278977.938	10769.892	-14040.812	0.948203	0.353002	-0.353002
313666.844	33622.743	-19677.232	0.78463	0.287654	-0.287654
377911.463	44016.714	-25967.938	1.183639	0.42819	-0.42819
469761.069	51167.236	-42935.079	0.743715	0.276285	-0.276285
642884.992	150503.142	-117481.646	1.688546	0.653185	-0.653185
1145200.728	348027.457	-347756.769	0.905446	0.450272	-0.450272
1785913.481	927174.426	-289239.999	0.972946	0.531735	-0.531735