READ TERR 1 2
! WT
97.4085	0.3576	-0.3879	4.11339132e-08	4.34007076e-09	-4.32532524e-09
98.0950	0.3721	-0.3289	4.47169108e-08	4.59076596e-09	-4.5743686e-09
98.8891	0.3910	-0.422	3.81334028e-08	3.96960292e-09	-3.95695068e-09
99.7036	0.3861	-0.4234	3.76679328e-08	4.00291384e-09	-3.99049656e-09
100.4330	0.2953	-0.3434	4.854327e-08	5.05412488e-09	-5.03988844e-09
101.0855	0.3866	-0.3571	4.03160744e-08	4.3765216e-09	-4.36763228e-09
101.7838	0.3180	-0.3118	4.97692272e-08	5.11902012e-09	-5.10818704e-09
102.4319	0.3247	-0.3301	4.683447e-08	4.95622844e-09	-4.94137968e-09
103.1490	0.3993	-0.3924	3.87306284e-08	4.10968536e-09	-4.08721464e-09
103.9332	0.3338	-0.3849	4.21546008e-08	4.5749916e-09	-4.54824176e-09
104.5687	0.3121	-0.3016	3.239309148e-08	4.33322844e-09	-4.31234904e-09
105.2622	0.3552	-0.3814	4.15974964e-08	4.46971172e-09	-4.42437512e-09
105.9909	0.3968	-0.3735	3.93614248e-08	4.2474004e-09	-4.20504352e-09
106.7470	0.3737	-0.3593	4.18327412e-08	4.44673548e-09	-4.40364524e-09
107.5455	0.4702	-0.4247	3.458929108e-08	3.65705628e-09	-3.62128184e-09
108.3333	0.3317	-0.3177	3.00379094e-08	4.09532432e-09	-4.07555564e-09
109.0360	0.3122	-0.371	4.57986168e-08	4.72488896e-09	-4.68436548e-09
109.7068	0.3406	-0.3586	4.3289778e-08	4.65061312e-09	-4.6148458e-09
110.4226	0.3080	-0.3752	3.0793021e-08	3.82312672e-09	-3.8008874e-09
111.2023	0.3876	-0.4717	3.60158436e-08	3.76930308e-09	-3.73443644e-09
111.9411	0.3391	-0.3512	3.04414532e-08	3.83138592e-09	-3.805996e-09
112.6608	0.4432	-0.3806	3.83971988e-08	3.91687576e-09	-3.87437648e-09
113.4930	0.4098	-0.3891	3.83166004e-08	4.07238724e-09	-4.0293682e-09
114.3035	0.4070	-0.4007	3.789442e-08	4.0239748e-09	-3.9877696e-09
115.0073	0.3223	-0.2968	3.37052256e-08	4.2358126e-09	-4.20560956e-09
115.6632	0.3318	-0.3336	3.084929392e-08	3.95714292e-09	-3.9295102e-09
116.3180	0.4029	-0.323	2.851286592e-08	3.61681048e-09	-3.5965078e-09
117.1270	0.3820	-0.4061	2.453336264e-08	3.383949456e-09	-3.367558148e-09
117.8253	0.4025	-0.3162	2.809429536e-08	3.67714536e-09	-3.65508404e-09
118.5988	0.3780	-0.371	2.667785324e-08	3.56741548e-09	-3.543989256e-09
119.3508	0.2879	-0.374	3.019182956e-08	4.03384312e-09	-4.01286404e-09
119.9902	0.3726	-0.3515	3.284378392e-08	4.03425964e-09	-4.01337668e-09
120.7151	0.3895	-0.3523	2.762694568e-08	3.57243152e-09	-3.5621716e-09
121.4408	0.3326	-0.3362	3.090155828e-08	3.958898e-09	-3.93931444e-09
122.0525	0.3544	-0.279	3.390741936e-08	4.23106356e-09	-4.2145416e-09
122.7486	0.3877	-0.3418	2.83329008e-08	3.62506968e-09	-3.61662536e-09
123.5160	0.4066	-0.3798	2.628178544e-08	3.363033744e-09	-3.35432278e-09
124.2788	0.4213	-0.3562	2.702356128e-08	3.388194044e-09	-3.37830116e-09
125.1537	0.4200	-0.4536	2.287449164e-08	3.051586432e-09	-3.044560416e-09
125.9187	0.3986	-0.3451	2.825208168e-08	3.54218398e-09	-3.532305692e-09
126.6171	0.4296	-0.2998	3.263646732e-08	3.96058544e-09	-3.95354732e-09
127.4053	0.3513	-0.3586	2.887327676e-08	3.73434032e-09	-3.72427264e-09
128.2626	0.4707	-0.506	2.080870196e-08	2.719504292e-09	-2.712247944e-09
129.1075	0.3304	-0.3741	2.862581048e-08	3.77916784e-09	-3.77247148e-09
129.9032	0.4759	-0.4653	2.179648448e-08	2.820250512e-09	-2.808643844e-09
130.8004	0.4113	-0.4213	2.504931344e-08	3.173353028e-09	-3.1632914e-09
131.6773	0.4488	-0.4656	2.299550672e-08	2.882141824e-09	-2.875984448e-09
132.5735	0.3266	-0.4473	2.628502504e-08	3.434519612e-09	-3.424626728e-09
133.3464	0.4272	-0.4463	2.34836112e-08	3.037112896e-09	-3.0274329e-09
134.2367	0.3535	-0.4631	2.533087028e-08	3.245015116e-09	-3.229328688e-09
134.9910	0.4016	-0.4008	2.556616136e-08	3.310673264e-09	-3.292258452e-09
135.8375	0.4020	-0.4448	2.442587556e-08	3.13116062e-09	-3.11246528e-09
136.7308	0.3787	-0.4913	2.417107568e-08	3.034659344e-09	-3.017873944e-09
137.4592	0.3743	-0.3498	2.880396712e-08	3.65335032e-09	-3.63350332e-09
138.376	0.543	-0.542	1.874448224e-08	2.45190194e-09	-2.43971428e-09
139.3986	0.4222	-0.4798	2.249257128e-08	2.93935316e-09	-2.930107484e-09
140.2996	0.4713	-0.4787	2.139227496e-08	2.76903208e-09	-2.755608744e-09
141.1636	0.3688	-0.3927	2.669089708e-08	3.453335992e-09	-3.439476912e-09
142.095	0.572	-0.563	1.790524072e-08	2.316962988e-09	-2.307021332e-09
143.1029	0.4043	-0.4354	2.379773848e-08	3.143104776e-09	-3.132372088e-09
143.8536	0.3919	-0.3464	2.752662844e-08	3.56134568e-09	-3.547282612e-09
144.6445	0.4105	-0.3989	2.552668808e-08	3.241757716e-09	-3.2176081e-09
145.5192	0.3150	-0.4642	2.65169804e-08	3.364899896e-09	-3.341678372e-09
146.3468	0.3824	-0.5125	2.290088548e-08	2.935559268e-09	-2.916023056e-09
147.1554	0.4953	-0.4263	2.294959696e-08	2.861108632e-09	-2.8404884e-09
148.257	0.486	-0.606	1.813872688e-08	2.425119348e-09	-2.40954684e-09
149.1606	0.4027	-0.4175	2.519411288e-08	3.197182956e-09	-3.177015912e-09
150.192	0.448	-0.629	1.873476344e-08	2.451094176e-09	-2.438112992e-09
151.177	0.502	-0.537	1.941872844e-08	2.541179976e-09	-2.526712492e-09
152.231	0.490	-0.552	1.967866184e-08	2.524096604e-09	-2.506193364e-09
153.295	0.542	-0.574	1.823949624e-08	2.362064272e-09	-2.346813944e-09
154.489	0.605	-0.652	1.604056612e-08	2.095792292e-09	-2.085341912e-09
155.4859	0.3755	-0.3913	2.719918676e-08	3.414541604e-09	-3.392232508e-09
156.395	0.642	-0.534	1.715670444e-08	2.242994732e-09	-2.230562144e-09
157.712	0.494	-0.674	1.740710416e-08	2.251232216e-09	-2.239440784e-09
158.867	0.549	-0.661	1.681782092e-08	2.175955304e-09	-2.163669744e-09
159.8090	0.3543	-0.393	2.347179912e-08	2.952301592e-09	-2.927583444e-09
160.4377	0.2931	-0.2744	1.546241144e-08	1.92087276e-09	-1.877452152e-09
160.9928	0.2646	-0.262	1.641868796e-08	2.0549744e-09	-2.008160044e-09
161.5216	0.2838	-0.2642	1.515474556e-08	1.991819288e-09	-1.954925584e-09
162.0465	0.3015	-0.2411	1.530378496e-08	2.00896496e-09	-1.973838084e-09
162.5987	0.2511	-0.2507	1.946498708e-08	2.313538624e-09	-2.27246192e-09
163.1391	0.3048	-0.2894	1.476780204e-08	1.826680856e-09	-1.793149216e-09
163.7865	0.3104	-0.3425	1.324243104e-08	1.67132744e-09	-1.61930694e-09
164.3862	0.2818	-0.2893	1.46907672e-08	1.924181424e-09	-1.8692937e-09
164.9025	0.2833	-0.2345	1.653545596e-08	2.086009768e-09	-2.0494564e-09
165.4380	0.2619	-0.2523	1.64836366e-08	2.103773456e-09	-2.070012908e-09
165.9710	0.2751	-0.2711	1.567358708e-08	1.976582132e-09	-1.94255672e-09
166.4971	0.2525	-0.251	1.965288388e-08	2.341306268e-09	-2.279298544e-09
166.9976	0.2715	-0.248	1.796964824e-08	2.189386828e-09	-2.131287272e-09
167.5890	0.2636	-0.3199	1.467027584e-08	1.85792484e-09	-1.818242944e-09
168.1040	0.2593	-0.2513	1.68512422e-08	2.188098108e-09	-2.098788032e-09
168.6515	0.2704	-0.2882	1.532445788e-08	1.982023948e-09	-1.898163164e-09
169.1815	0.2439	-0.2596	1.683343152e-08	2.181302068e-09	-2.113470184e-09
169.6667	0.2657	-0.2413	1.900590728e-08	2.31181416e-09	-2.233801744e-09
170.2174	0.2879	-0.285	1.494384048e-08	1.926011264e-09	-1.851167604e-09
170.7620	0.2557	-0.2567	1.799356076e-08	2.247175952e-09	-2.148174132e-09
171.2602	0.2645	-0.2425	1.67399388e-08	2.197575184e-09	-2.101061804e-09
171.8117	0.2200	-0.287	1.87790356e-08	2.31382734e-09	-2.222059084e-09
172.2961	0.2374	-0.2643	1.828975632e-08	2.297241656e-09	-2.17157686e-09
172.8013	0.2749	-0.2678	1.595794208e-08	2.033141632e-09	-1.950867896e-09
173.3226	0.2659	-0.2465	1.84986678e-08	2.296303952e-09	-2.177436976e-09
173.8525	0.2395	-0.264	2.070881192e-08	2.484820192e-09	-2.338084112e-09
174.3482	0.2491	-0.2562	1.74799204e-08	2.262036816e-09	-2.132207176e-09
174.8571	0.2419	-0.2598	1.76038618e-08	2.290417848e-09	-2.147168076e-09
175.4459	0.2847	-0.3469	1.35081708e-08	1.7871378e-09	-1.704449324e-09
176.0260	0.2632	-0.2955	1.557849236e-08	1.990574e-09	-1.915265404e-09
176.5850	0.2646	-0.2958	1.52984414e-08	1.978189472e-09	-1.894950976e-09
177.1305	0.2671	-0.2809	1.580253384e-08	2.017438828e-09	-1.931778464e-09
177.6670	0.3017	-0.2693	1.501277276e-08	1.97127702e-09	-1.859059056e-09
178.2655	0.3028	-0.2968	1.401417496e-08	1.883602764e-09	-1.782237816e-09
178.8163	0.2520	-0.2481	1.792008592e-08	2.302602304e-09	-2.16985916e-09
179.3482	0.2948	-0.2799	1.491981404e-08	1.937190732e-09	-1.847894184e-09
179.9737	0.3702	-0.3307	1.223153344e-08	1.622760496e-09	-1.51446316e-09
180.6542	0.3534	-0.3102	1.2919596e-08	1.715078772e-09	-1.59964684e-09
181.3149	0.2885	-0.3073	1.481365128e-08	1.893812488e-09	-1.810837432e-09
181.9692	0.3923	-0.3657	1.137798784e-08	1.50861408e-09	-1.44733046e-09
182.6088	0.2687	-0.2473	1.722827112e-08	2.261461164e-09	-2.105156872e-09
183.2274	0.3012	-0.35	1.338081892e-08	1.771634e-09	-1.679799884e-09
183.8997	0.4170	-0.3711	1.105485376e-08	1.442333288e-09	-1.388968888e-09
184.6238	0.3690	-0.3071	1.30176206e-08	1.687934128e-09	-1.61343472e-09
185.3999	0.3420	-0.407	1.186721728e-08	1.525537964e-09	-1.451335816e-09
186.0254	0.3480	-0.2836	1.37952136e-08	1.838585496e-09	-1.731424512e-09
186.7367	0.3466	-0.3633	1.239786376e-08	1.628706052e-09	-1.535679336e-09
187.4200	0.3802	-0.3368	1.23974864e-08	1.557453008e-09	-1.518904616e-09
188.2784	0.4399	-0.4781	9.3951426e-09	1.224500448e-09	-1.196794748e-09
189.0476	0.3219	-0.3293	1.351557916e-08	1.753852156e-09	-1.675078968e-09
189.8489	0.4439	-0.4795	9.34091312e-09	1.250591688e-09	-1.188456872e-09
190.7796	0.3885	-0.4868	1.005463616e-08	1.290280348e-09	-1.247094344e-09
191.5366	0.3734	-0.3685	1.161947332e-08	1.532659388e-09	-1.47964102e-09
192.2976	0.4504	-0.3875	1.027445548e-08	1.345112536e-09	-1.290620328e-09
193.0931	0.3950	-0.3451	1.151561032e-08	1.526643344e-09	-1.465908676e-09
193.9865	0.3360	-0.4984	1.021432708e-08	1.375688664e-09	-1.299044356e-09
194.7742	0.4468	-0.4517	9.58269764e-09	1.27172812e-09	-1.202517804e-09
195.704	0.604	-0.483	8.08017828e-09	1.051354864e-09	-9.87433284e-10
196.7954	0.3577	-0.4874	1.018793324e-08	1.353220436e-09	-1.27881964e-09
197.734	0.488	-0.581	7.97079372e-09	1.081179832e-09	-1.013636664e-09
198.6592	0.4278	-0.4369	9.85688528e-09	1.327941944e-09	-1.253707044e-09
199.4744	0.3900	-0.3874	1.107392468e-08	1.475429184e-09	-1.389892708e-09
200.3866	0.4315	-0.5221	9.21075596e-09	1.18744334e-09	-1.126295356e-09
201.3281	0.4436	-0.51	9.11957724e-09	1.182335452e-09	-1.13031068e-09
202.1551	0.3514	-0.3834	1.171757624e-08	1.51999896e-09	-1.472903008e-09
202.8994	0.3952	-0.3929	1.112256496e-08	1.434615208e-09	-1.368014016e-09
203.7618	0.3993	-0.4671	1.006244324e-08	1.294644908e-09	-1.230561348e-09
204.6463	0.4880	-0.4852	8.78144488e-09	1.12182008e-09	-1.103531292e-09
205.713	0.437	-0.579	8.58210624e-09	1.082090836e-09	-1.051051908e-09
206.720	0.582	-0.569	7.42428744e-09	9.67001732e-10	-9.32928616e-10
207.7471	0.4330	-0.4459	9.52740728e-09	1.280942824e-09	-1.22906508e-09
208.713	0.483	-0.533	8.58206708e-09	1.09813184e-09	-1.049810536e-09
209.729	0.550	-0.533	8.08711672e-09	1.01983676e-09	-9.96433676e-10
210.823	0.609	-0.544	7.56240476e-09	9.6725378e-10	-9.25131504e-10
211.8717	0.3737	-0.4394	1.061684204e-08	1.389153652e-09	-1.315279736e-09
212.839	0.572	-0.593	7.2624e-09	9.76546092e-10	-9.23842072e-10
213.9506	0.4244	-0.5399	8.97081196e-09	1.1658377e-09	-1.111722852e-09
214.905	0.584	-0.53	7.76690184e-09	9.99256756e-10	-9.63148388e-10
216.145	0.573	-0.656	6.96614748e-09	9.2086698e-10	-8.74523612e-10
217.375	0.645	-0.657	6.50952052e-09	8.78268732e-10	-8.27957388e-10
218.606	0.676	-0.585	6.92615088e-09	8.92595596e-10	-8.4694714e-10
219.822	0.568	-0.54	7.726446e-09	1.040389708e-09	-9.69434636e-10
220.963	0.609	-0.573	7.3955974e-09	9.60532856e-10	-9.04047404e-10
222.055	0.601	-0.484	7.89102836e-09	1.04266526e-09	-9.90730912e-10
223.0959	0.4612	-0.4391	8.3604464e-09	1.124103108e-09	-1.066532924e-09
224.110	0.511	-0.553	6.33322576e-09	8.59252636e-10	-8.11293028e-10
225.177	0.577	-0.556	6.008479e-09	8.11032792e-10	-7.59698304e-10
226.334	0.534	-0.58	6.11401876e-09	8.11868324e-10	-7.71709744e-10
227.489	0.488	-0.621	6.07907024e-09	8.27846672e-10	-7.78701228e-10
228.3915	0.3535	-0.4151	8.85965452e-09	1.188995856e-09	-1.118752428e-09
229.276	0.577	-0.532	6.20781764e-09	8.20797516e-10	-7.73365144e-10
230.475	0.515	-0.622	5.9896466e-09	7.93266968e-10	-7.5580758e-10
231.516	0.492	-0.525	6.62104464e-09	8.97079772e-10	-8.48041128e-10
232.526	0.560	-0.519	6.18336756e-09	8.2549458e-10	-8.00710572e-10
233.4948	0.4007	-0.4088	8.49696528e-09	1.092913948e-09	-1.055580228e-09
234.593	0.586	-0.697	5.304578e-09	6.97053696e-10	-6.68832508e-10
235.859	0.569	-0.68	5.27697376e-09	7.14386624e-10	-6.93094976e-10
237.101	0.637	-0.674	5.29826256e-09	6.78314924e-10	-6.49782236e-10
238.385	0.551	-0.646	5.7424402e-09	7.62183184e-10	-7.15707028e-10
239.505	0.468	-0.569	6.56043564e-09	8.76128104e-10	-8.28546568e-10
240.761	0.715	-0.788	4.47873988e-09	6.13427516e-10	-5.74185636e-10
242.269	0.616	-0.793	4.87962436e-09	6.35975488e-10	-6.07082172e-10
243.516	0.773	-0.631	4.79352576e-09	6.51038204e-10	-6.14109612e-10
245.003	0.626	-0.714	5.07263688e-09	6.65678704e-10	-6.23750448e-10
246.497	0.669	-0.868	4.44159484e-09	5.81736752e-10	-5.49108996e-10
247.763	0.604	-0.597	5.65886208e-09	7.37957384e-10	-6.95393668e-10
248.931	0.561	-0.564	5.98189648e-09	7.83914492e-10	-7.446452e-10
250.133	0.911	-0.642	4.19577328e-09	5.68167812e-10	-5.44217912e-10
251.874	0.652	-0.83	4.49139568e-09	5.98884204e-10	-5.67146448e-10
253.367	0.727	-0.84	4.24665636e-09	5.62857716e-10	-5.35909228e-10
254.837	0.665	-0.743	4.73597124e-09	6.27639748e-10	-5.97651732e-10
256.265	0.792	-0.764	3.96985212e-09	5.39271292e-10	-5.15136984e-10
257.3556	0.2751	-0.2978	4.61353216e-09	5.724035e-10	-5.72404212e-10
257.9950	0.2922	-0.3643	4.02590432e-09	4.99496124e-10	-4.99496836e-10
258.5679	0.3100	-0.2807	4.5253118e-09	5.52856964e-10	-5.52857676e-10
259.1589	0.2456	-0.281	3.409037132e-09	5.08190712e-10	-5.08191068e-10
259.6954	0.3051	-0.2909	4.48478476e-09	5.47906072e-10	-5.47906784e-10
260.3694	0.3213	-0.369	3.82878712e-09	4.75039992e-10	-4.75040348e-10
260.9563	0.2682	-0.2656	5.00791608e-09	6.11816972e-10	-6.11817684e-10
261.5945	0.3097	-0.3699	3.88888704e-09	4.82496768e-10	-4.82497124e-10
262.1997	0.2827	-0.2955	4.57094032e-09	5.67119036e-10	-5.67119748e-10
262.8141	0.3763	-0.3318	3.7326244e-09	4.63109008e-10	-4.6310972e-10
263.4899	0.3126	-0.2995	4.31852208e-09	5.3580136e-10	-5.35802072e-10
264.0896	0.3516	-0.2871	4.1848868e-09	5.1126762e-10	-5.11268332e-10
264.7625	0.3227	-0.3213	4.15020172e-09	5.07030152e-10	-5.07030508e-10
265.3268	0.2708	-0.2416	3.445261556e-09	5.25549984e-10	-5.2555034e-10
265.8897	0.3252	-0.2921	4.32969336e-09	5.28958328e-10	-5.2895904e-10
266.5076	0.2873	-0.2927	4.60858376e-09	5.63030732e-10	-5.63031444e-10
267.0825	0.2960	-0.2876	3.435308508e-09	4.90905488e-10	-4.909062e-10
267.6329	0.2651	-0.2544	3.532076428e-09	5.20777804e-10	-5.2077816e-10
268.2013	0.3105	-0.3033	4.35360944e-09	5.31880376e-10	-5.31881088e-10
268.8173	0.3350	-0.3055	4.17223456e-09	5.09721868e-10	-5.0972258e-10
269.4138	0.2438	-0.2615	3.552189004e-09	5.29530776e-10	-5.29531132e-10
269.9863	0.3704	-0.3288	3.77911444e-09	4.6887692e-10	-4.68877276e-10
270.6180	0.2779	-0.2612	3.477333596e-09	5.07222748e-10	-5.07223104e-10
271.1806	0.2347	-0.2848	3.454868572e-09	5.15023064e-10	-5.1502342e-10
271.7848	0.3440	-0.3695	3.70375636e-09	4.59527292e-10	-4.59527648e-10
272.4298	0.3555	-0.301	4.0248826e-09	4.99369744e-10	-4.993701e-10
273.0308	0.2846	-0.2456	3.3852574e-09	5.0464602e-10	-5.04646376e-10
273.6879	0.3160	-0.3725	3.8377512e-09	4.76152136e-10	-4.76152492e-10
274.3452	0.3117	-0.3412	3.542891352e-09	4.65206204e-10	-4.6520656e-10
274.9495	0.3567	-0.2927	4.11505028e-09	5.02735724e-10	-5.02736436e-10
275.6185	0.4154	-0.3123	3.67242836e-09	4.48660392e-10	-4.48661104e-10
276.2961	0.2502	-0.2622	3.4444424e-09	5.25425028e-10	-5.25425384e-10
276.8697	0.2566	-0.3234	3.094486924e-09	4.61300172e-10	-4.61300528e-10
277.4703	0.2822	-0.344	2.81814762e-09	4.29888156e-10	-4.29888512e-10
278.1007	0.3831	-0.3482	3.65462836e-09	4.46485588e-10	-4.464863e-10
278.7833	0.3445	-0.2996	3.437652056e-09	4.72228304e-10	-4.7222866e-10
279.4710	0.4112	-0.3432	3.543092136e-09	4.32859688e-10	-4.32860044e-10
280.2460	0.3425	-0.3638	3.84049596e-09	4.65730592e-10	-4.65730948e-10
280.8746	0.2351	-0.2862	3.443612208e-09	5.1334488e-10	-5.13345236e-10
281.4027	0.2408	-0.2929	3.307195144e-09	5.04488668e-10	-5.04489024e-10
281.9120	0.2884	-0.2685	3.510178868e-09	5.01455904e-10	-5.0145626e-10
282.5879	0.2209	-0.3876	2.950275952e-09	4.398024e-10	-4.39802756e-10
283.0765	0.2767	-0.2677	3.242359712e-09	4.94598632e-10	-4.94598988e-10
283.7035	0.3293	-0.3503	2.597356064e-09	3.96208064e-10	-3.96208064e-10
284.3043	0.2551	-0.2715	3.40871068e-09	5.0814194e-10	-5.08142296e-10
284.8675	0.3591	-0.3081	3.527682676e-09	4.59267056e-10	-4.59267412e-10
285.5854	0.3457	-0.3588	3.79356804e-09	4.6346038e-10	-4.63460736e-10
286.3943	0.3339	-0.4631	2.17715182e-09	3.399138196e-10	-3.399140688e-10
287.0314	0.2928	-0.3032	3.011900264e-09	4.4898898e-10	-4.48989336e-10
287.6399	0.2768	-0.3157	2.979465816e-09	4.54495944e-10	-4.544963e-10
288.2402	0.2582	-0.3236	3.085556308e-09	4.59969088e-10	-4.59969088e-10
288.8528	0.3626	-0.3544	2.503519804e-09	3.732037e-10	-3.73204056e-10
289.5751	0.3306	-0.3597	3.8710728e-09	4.72928912e-10	-4.72929268e-10
290.2348	0.3274	-0.3291	2.506000768e-09	4.20077152e-10	-4.20077152e-10
290.8645	0.3027	-0.3023	2.966956688e-09	4.4228906e-10	-4.42289416e-10
291.5009	0.3423	-0.3338	2.654710512e-09	3.9574206e-10	-3.95742416e-10
292.1802	0.2270	-0.337	3.182293968e-09	4.7438958e-10	-4.74389936e-10
292.7371	0.3318	-0.33	2.7117499e-09	4.0424512e-10	-4.04245476e-10
293.3876	0.3094	-0.3186	2.857704204e-09	4.26002772e-10	-4.26003128e-10
293.9577	0.2606	-0.2607	3.44290448e-09	5.13239504e-10	-5.1323986e-10
294.4871	0.3165	-0.2688	3.066168548e-09	4.57078724e-10	-4.5707908e-10
295.1154	0.2397	-0.3118	3.272178272e-09	4.93443768e-10	-4.93444124e-10
295.6567	0.3052	-0.3015	2.958401296e-09	4.41013868e-10	-4.41014224e-10
296.2825	0.3322	-0.3207	2.748744708e-09	4.09759916e-10	-4.09760272e-10
296.9720	0.3686	-0.3573	2.43126996e-09	3.70872612e-10	-3.70872968e-10
297.6459	0.2871	-0.3053	3.029337856e-09	4.51588492e-10	-4.51588848e-10
298.2020	0.3484	-0.2689	2.90712092e-09	4.33369124e-10	-4.3336948e-10
298.8716	0.3940	-0.3212	2.509409824e-09	3.74081952e-10	-3.74081952e-10
299.5984	0.3166	-0.3328	2.717606456e-09	4.1455132e-10	-4.14551676e-10
300.2450	0.3070	-0.33	2.83313166e-09	4.272356e-10	-4.27235956e-10
300.8406	0.2611	-0.2886	3.264258696e-09	4.86608568e-10	-4.86608924e-10
301.4189	0.3732	-0.3172	2.556305348e-09	3.89946024e-10	-3.8994638e-10
302.0528	0.2890	-0.2608	3.209893936e-09	4.89646316e-10	-4.89646672e-10
302.6893	0.2733	-0.3476	2.890193476e-09	4.30845796e-10	-4.30846152e-10
303.2501	0.3513	-0.2874	3.558865784e-09	4.7138494e-10	-4.71385652e-10
303.9972	0.3905	-0.3958	2.282027996e-09	3.401856612e-10	-3.401859104e-10
304.7119	0.3982	-0.3242	2.442964204e-09	3.72656528e-10	-3.72656884e-10
305.4540	0.3677	-0.3439	2.521691112e-09	3.75912504e-10	-3.7591286e-10
306.0951	0.3155	-0.2734	3.047340776e-09	4.5427202e-10	-4.54272376e-10
306.6955	0.3093	-0.2849	2.969600344e-09	4.52991132e-10	-4.52991488e-10
307.3037	0.3950	-0.2989	2.586324692e-09	3.85547644e-10	-3.85548e-10
307.9738	0.3440	-0.2751	2.850182992e-09	4.34774968e-10	-4.34775324e-10
308.6608	0.3260	-0.3429	2.637939352e-09	4.02398548e-10	-4.02398904e-10
309.4272	0.3833	-0.4405	2.142237476e-09	3.267829376e-10	-3.267831512e-10
310.2145	0.4198	-0.404	2.06961134e-09	3.307913196e-10	-3.307915332e-10
311.0534	0.3352	-0.4192	2.339311244e-09	3.56845144e-10	-3.568455e-10
311.7671	0.3705	-0.3785	2.395943012e-09	3.57167324e-10	-3.57167324e-10
312.4431	0.2727	-0.3055	3.103675996e-09	4.6267006e-10	-4.62670416e-10
313.0418	0.2629	-0.326	2.996579804e-09	4.57106848e-10	-4.57106848e-10
313.6329	0.3230	-0.3282	2.710018316e-09	4.13393608e-10	-4.13393964e-10
314.3142	0.3605	-0.3583	2.496728036e-09	3.72191236e-10	-3.72191592e-10
315.0613	0.3730	-0.3867	2.322875792e-09	3.543379784e-10	-3.543382276e-10
315.8486	0.3507	-0.4143	2.345782968e-09	3.496896864e-10	-3.496899356e-10
316.5681	0.3108	-0.3688	2.596561472e-09	3.96086668e-10	-3.96087024e-10
317.3117	0.3999	-0.4327	2.155297692e-09	3.21293738e-10	-3.212939872e-10
318.1102	0.3984	-0.3986	2.213988564e-09	3.377280152e-10	-3.377282644e-10
318.9366	0.4474	-0.4279	2.016003792e-09	3.07526862e-10	-3.075271112e-10
319.7482	0.4043	-0.3643	2.335006136e-09	3.480832008e-10	-3.4808345e-10
320.4035	0.3094	-0.251	3.202156276e-09	4.77350788e-10	-4.77351144e-10
321.1260	0.3395	-0.4131	2.344532696e-09	3.495033204e-10	-3.495035696e-10
321.9049	0.3737	-0.4394	2.109648524e-09	3.21811718e-10	-3.218119316e-10
322.6545	0.4371	-0.376	2.14536814e-09	3.198135612e-10	-3.198138104e-10
323.5405	0.4941	-0.4489	1.819041452e-09	2.774816724e-10	-2.774818504e-10
324.4844	0.4629	-0.4498	1.847468408e-09	2.884410968e-10	-2.884412748e-10
325.3472	0.4398	-0.3999	2.04258204e-09	3.11581168e-10	-3.115814172e-10
326.2882	0.4452	-0.5012	1.842945428e-09	2.747308604e-10	-2.74731074e-10
327.1992	0.3794	-0.4657	2.064068064e-09	3.07694004e-10	-3.076942176e-10
328.0489	0.4762	-0.4703	1.812197708e-09	2.76437738e-10	-2.76437916e-10
328.9338	0.3936	-0.4088	2.173950668e-09	3.240743828e-10	-3.240745964e-10
329.8243	0.4087	-0.4969	1.894105832e-09	2.889322344e-10	-2.88932448e-10
330.6637	0.3023	-0.4307	2.379689832e-09	3.547442456e-10	-3.547444948e-10
331.3857	0.4201	-0.4196	1.978387408e-09	3.162107344e-10	-3.16210948e-10
332.217	0.666	-0.411	1.639621368e-09	2.50112428e-10	-2.50112606e-10
333.2918	0.4532	-0.4097	2.079886568e-09	3.100521124e-10	-3.10052326e-10
334.3106	0.3667	-0.5656	1.92508424e-09	2.869754448e-10	-2.869756584e-10
335.217	0.476	-0.54	1.805885828e-09	2.662641124e-10	-2.66264326e-10
336.256	0.472	-0.563	1.675480892e-09	2.615890492e-10	-2.615892272e-10
337.317	0.482	-0.589	1.67566886e-09	2.49794698e-10	-2.49794876e-10
338.2099	0.5380	-0.4103	1.892596036e-09	2.821323496e-10	-2.821325632e-10
339.314	0.439	-0.566	1.78540764e-09	2.661536456e-10	-2.661538236e-10
340.2027	0.3812	-0.4496	2.16005136e-09	3.220023916e-10	-3.220026408e-10
340.9444	0.4082	-0.3604	2.3350485e-09	3.480894664e-10	-3.480897156e-10
341.892	0.519	-0.539	1.695410128e-09	2.52737572e-10	-2.5273775e-10
342.9100	0.4867	-0.4989	1.790636568e-09	2.731487252e-10	-2.731489032e-10
343.8063	0.5370	-0.4095	1.8646835e-09	2.844440712e-10	-2.844442492e-10
344.903	0.647	-0.56	1.487963588e-09	2.218131692e-10	-2.218133472e-10
346.150	0.636	-0.601	1.378995904e-09	2.204084644e-10	-2.204086068e-10
347.2574	0.5231	-0.4715	1.774618348e-09	2.707052836e-10	-2.707054616e-10
348.2375	0.5233	-0.457	1.800385984e-09	2.746359152e-10	-2.746360932e-10
349.2953	0.4511	-0.5345	1.821012268e-09	2.714612852e-10	-2.714614988e-10
350.307	0.494	-0.561	1.644523844e-09	2.567558152e-10	-2.567559932e-10
351.351	0.529	-0.549	1.636983052e-09	2.497100056e-10	-2.497101836e-10
352.3534	0.5029	-0.4738	1.837594036e-09	2.739331712e-10	-2.739333848e-10
353.447	0.469	-0.591	1.636178492e-09	2.554528908e-10	-2.554530688e-10
354.454	0.569	-0.538	1.594797408e-09	2.432748428e-10	-2.432750208e-10
355.4145	0.4058	-0.3912	2.214228864e-09	3.377646832e-10	-3.377649324e-10
356.340	0.530	-0.52	1.747805496e-09	2.577006036e-10	-2.577008172e-10
357.603	0.592	-0.733	1.354083736e-09	2.018554532e-10	-2.018555956e-10
358.848	0.509	-0.652	1.544854524e-09	2.302939792e-10	-2.302941572e-10
359.967	0.451	-0.61	1.6361671e-09	2.554510752e-10	-2.554512532e-10
361.198	0.625	-0.78	1.234368768e-09	1.927192472e-10	-1.92719354e-10
362.428	0.596	-0.605	1.494507936e-09	2.22788716e-10	-2.22788894e-10
363.4708	0.4392	-0.4468	2.025675956e-09	3.019708056e-10	-3.019710192e-10
364.4349	0.4501	-0.5249	1.840907328e-09	2.7442705e-10	-2.744272636e-10
365.632	0.730	-0.747	1.195190256e-09	1.823176748e-10	-1.823178172e-10
367.009	0.637	-0.647	1.397269028e-09	2.082931792e-10	-2.082933216e-10
368.359	0.667	-0.713	1.256688188e-09	1.962039176e-10	-1.9620406e-10
369.598	0.753	-0.571	1.310778116e-09	2.046488428e-10	-2.046489852e-10
371.013	0.670	-0.662	1.346885772e-09	2.007824692e-10	-2.007826116e-10
372.561	1.116	-0.878	8.84936256e-10	1.349906432e-10	-1.3499075e-10
374.566	0.631	-0.888	1.122394308e-09	1.79395164e-10	-1.793952708e-10
375.926	0.893	-0.729	1.106468292e-09	1.649430592e-10	-1.64943166e-10
377.518	0.740	-0.699	1.18496024e-09	1.893952396e-10	-1.89395382e-10
379.259	0.701	-1	1.020357588e-09	1.593061552e-10	-1.59306262e-10
380.672	0.874	-0.713	1.093554748e-09	1.707342536e-10	-1.70734396e-10
382.414	0.680	-0.868	1.140553156e-09	1.739831808e-10	-1.739832876e-10
384.030	0.792	-0.936	1.004595688e-09	1.568452696e-10	-1.568453764e-10
385.820	1.061	-0.998	8.42894436e-10	1.315992092e-10	-1.315992804e-10
387.718	0.810	-0.838	1.089429064e-09	1.624029992e-10	-1.62403106e-10
389.288	0.839	-0.76	1.103458312e-09	1.683245964e-10	-1.683247388e-10
390.977	0.778	-0.85	1.047398992e-09	1.67408466e-10	-1.674085728e-10
392.628	0.691	-0.873	1.128560584e-09	1.72153768e-10	-1.721539104e-10
394.303	1.026	-0.984	8.77877488e-10	1.339138856e-10	-1.339139568e-10
396.193	1.019	-0.863	9.37571924e-10	1.430198316e-10	-1.430199384e-10
398.195	1.075	-0.984	8.5731386e-10	1.307770628e-10	-1.30777134e-10
400.182	0.915	-0.912	9.16731684e-10	1.500358084e-10	-1.500358796e-10
402.139	0.904	-1.042	8.7595402e-10	1.400060068e-10	-1.40006078e-10
404.358	0.902	-1.315	8.09571412e-10	1.206841068e-10	-1.206842136e-10
406.129	0.873	-0.869	9.273355e-10	1.592550692e-10	-1.59255176e-10
408.034	0.824	-1.032	9.18791856e-10	1.468528836e-10	-1.468529904e-10
409.728	0.910	-0.871	9.74136328e-10	1.520897148e-10	-1.520898216e-10
411.723	0.899	-1.084	8.5945164e-10	1.373683672e-10	-1.373684384e-10
413.819	1.139	-1.197	7.29852688e-10	1.16654258e-10	-1.166543292e-10
415.930	0.976	-0.972	8.13740884e-10	1.432091524e-10	-1.432092236e-10
417.989	1.076	-1.082	8.03838744e-10	1.255014988e-10	-1.255016056e-10
420.565	1.111	-1.5	6.41310504e-10	1.049593376e-10	-1.049594088e-10
423.096	0.969	-1.42	7.13513712e-10	1.140427488e-10	-1.1404282e-10
425.022	1.068	-0.956	8.12496308e-10	1.361975188e-10	-1.3619759e-10
426.956	1.123	-0.866	8.87230676e-10	1.353406624e-10	-1.353407692e-10
429.003	0.868	-0.924	9.18562592e-10	1.539772268e-10	-1.539773336e-10
431.140	1.012	-1.269	7.783762e-10	1.200760588e-10	-1.2007613e-10
433.526	1.907	-1.374	4.83387836e-10	8.50707924e-11	-8.5070828e-11
436.666	1.294	-1.234	6.86455932e-10	1.071748324e-10	-1.071749036e-10
439.307	1.347	-1.347	6.44147824e-10	1.005693592e-10	-1.005694304e-10
442.080	1.093	-1.426	6.41201212e-10	1.101160688e-10	-1.1011614e-10
444.821	1.140	-1.648	5.25765008e-10	1.023568708e-10	-1.02356942e-10
447.355	1.547	-1.394	4.88244744e-10	9.7564292e-11	-9.75643276e-11
450.588	1.568	-1.686	4.96505368e-10	8.52669128e-11	-8.52669484e-11
453.769	1.417	-1.613	4.83870572e-10	9.4200804e-11	-9.42008396e-11
456.868	1.636	-1.683	4.77908284e-10	8.41064596e-11	-8.41064952e-11
460.630	1.519	-2.126	4.25428188e-10	7.48705024e-11	-7.48705736e-11
464.065	1.698	-1.916	3.86208736e-10	7.71747836e-11	-7.71748192e-11
NO NO NO NO NO NO
! PC_incbad
4537.875	60.763	-107.227	7.42093036e-12	1.592442824e-12	-1.592442824e-12
4679.673	59.375	-81.035	6.8743956e-12	1.551876624e-12	-1.551876624e-12
4814.121	105.452	-75.074	5.38588128e-12	1.214395744e-12	-1.214395744e-12
4986.271	103.800	-66.697	7.85205348e-12	1.768205364e-12	-1.768205364e-12
5216.987	83.697	-126.916	8.95623732e-12	2.048007836e-12	-2.048007836e-12
5377.177	71.439	-76.493	7.36769056e-12	1.6691594e-12	-1.6691594e-12
5511.459	44.972	-62.843	9.05023556e-12	2.03091592e-12	-2.03091592e-12
5611.095	63.178	-54.665	8.17876892e-12	1.839731104e-12	-1.839731104e-12
5744.987	62.174	-70.713	7.29456816e-12	1.640839244e-12	-1.640839244e-12
5871.031	53.973	-63.871	8.23409132e-12	1.858824096e-12	-1.858824096e-12
5982.351	52.974	-57.347	8.73130584e-12	1.961680328e-12	-1.961680328e-12
6113.856	51.849	-78.531	7.3884596e-12	1.66992302e-12	-1.66992302e-12
6246.581	49.505	-80.876	7.41457932e-12	1.675826212e-12	-1.675826212e-12
6375.653	80.900	-79.568	5.95432428e-12	1.360447948e-12	-1.360447948e-12
6513.250	46.099	-56.696	9.35525992e-12	2.171311996e-12	-2.171311996e-12
10288.494	66.633	-73.777	1.088283456e-11	2.340429796e-12	-2.340429796e-12
10476.925	86.308	-121.798	6.81223444e-12	1.554624588e-12	-1.554624588e-12
10660.635	78.110	-97.401	8.23148184e-12	1.8538166e-12	-1.8538166e-12
10850.026	94.319	-111.281	6.98904184e-12	1.583468776e-12	-1.583468776e-12
11056.104	91.333	-111.759	7.09860084e-12	1.602510504e-12	-1.602510504e-12
11268.496	77.017	-121.06	7.22461416e-12	1.632914684e-12	-1.632914684e-12
11488.637	102.593	-143.123	7.92691316e-12	1.804429076e-12	-1.804429076e-12
11749.407	75.002	-158.178	1.061039132e-11	2.396810228e-12	-2.396810228e-12
11927.279	52.583	-102.87	9.24154284e-12	2.093805812e-12	-2.093805812e-12
12076.191	56.617	-96.329	9.41379344e-12	2.120085732e-12	-2.120085732e-12
12221.746	58.994	-88.937	1.020228004e-11	2.246635188e-12	-2.246635188e-12
12317.330	33.615	-36.59	2.054955532e-11	4.59502016e-12	-4.59502016e-12
12471.558	155.187	-120.614	8.9949986e-12	1.553079904e-12	-1.553079904e-12
16061.531	64.735	-63.138	7.57725352e-12	1.698352468e-12	-1.698352468e-12
16202.429	91.827	-76.163	5.70148952e-12	1.282494272e-12	-1.282494272e-12
16358.269	43.801	-64.013	9.83904612e-12	2.10677418e-12	-2.10677418e-12
16481.622	63.365	-79.551	6.7107068e-12	1.509507284e-12	-1.509507284e-12
16619.892	90.577	-74.905	5.82756336e-12	1.310853232e-12	-1.310853232e-12
16776.526	49.279	-66.057	8.73181848e-12	1.911915088e-12	-1.911915088e-12
16887.189	58.968	-61.383	7.97980764e-12	1.79284092e-12	-1.79284092e-12
16993.266	55.689	-47.11	9.3928108e-12	2.112820484e-12	-2.112820484e-12
17108.588	80.777	-59.632	6.74920108e-12	1.527271684e-12	-1.527271684e-12
17255.650	61.588	-66.285	7.48222288e-12	1.691118192e-12	-1.691118192e-12
17388.415	46.666	-71.177	8.14912124e-12	1.830881656e-12	-1.830881656e-12
17519.970	65.549	-84.889	6.679361e-12	1.470841412e-12	-1.470841412e-12
17651.536	64.364	-66.016	7.2860206e-12	1.648748852e-12	-1.648748852e-12
17845.673	143.523	-129.774	9.05819928e-12	2.004863128e-12	-2.004863128e-12
18069.395	55.196	-80.199	8.0902424e-12	1.81765234e-12	-1.81765234e-12
18197.389	57.582	-72.798	7.43933912e-12	1.67141288e-12	-1.67141288e-12
18363.239	143.627	-108.268	6.2047418e-12	1.210040796e-12	-1.210040796e-12
21904.037	103.871	-116.772	5.5700294e-12	1.260148508e-12	-1.260148508e-12
22078.789	112.152	-70.881	6.5160638e-12	1.474177132e-12	-1.474177132e-12
22286.683	74.755	-95.742	6.9374966e-12	1.571369048e-12	-1.571369048e-12
22482.700	109.411	-121.262	5.07904488e-12	1.157236028e-12	-1.157236028e-12
22656.385	68.614	-64.274	9.03395924e-12	2.027126656e-12	-2.027126656e-12
22800.679	67.236	-75.681	8.32443344e-12	1.883297316e-12	-1.883297316e-12
22956.848	129.203	-88.933	5.35704172e-12	1.220576616e-12	-1.220576616e-12
23173.878	80.162	-87.828	7.05592e-12	1.59069878e-12	-1.59069878e-12
23343.115	73.900	-89.075	7.3176868e-12	1.643930748e-12	-1.643930748e-12
23553.549	86.616	-136.534	9.44230548e-12	2.076367152e-12	-2.076367152e-12
23751.169	109.640	-111.004	5.40120708e-12	1.223393644e-12	-1.223393644e-12
23958.894	105.006	-98.086	5.91496492e-12	1.339761856e-12	-1.339761856e-12
24153.324	138.342	-89.423	5.33688144e-12	1.229083592e-12	-1.229083592e-12
27649.756	59.455	-80.954	6.77147244e-12	1.534148536e-12	-1.534148536e-12
27783.908	45.654	-74.697	7.9685616e-12	1.796732e-12	-1.796732e-12
27901.880	58.062	-72.318	7.39781884e-12	1.662083188e-12	-1.662083188e-12
28024.732	53.054	-64.789	8.18073048e-12	1.842369064e-12	-1.842369064e-12
28138.443	62.201	-60.657	7.84311076e-12	1.762127376e-12	-1.762127376e-12
28254.528	68.974	-53.884	7.88962216e-12	1.776809528e-12	-1.776809528e-12
28370.996	60.321	-47.494	8.99597048e-12	2.021143364e-12	-2.021143364e-12
28480.950	48.152	-49.633	9.81558572e-12	2.210552808e-12	-2.210552808e-12
28582.110	59.821	-53.008	8.5707534e-12	1.925608628e-12	-1.925608628e-12
28689.933	42.261	-48.002	1.076557172e-11	2.42160634e-12	-2.42160634e-12
28813.000	64.612	-80.807	9.02218276e-12	1.74090586e-12	-1.74090586e-12
40888.543	116.833	-129.541	6.96448852e-12	1.573803376e-12	-1.573803376e-12
41250.476	218.751	-245.099	5.46521232e-12	9.22767308e-13	-9.22767308e-13
45263.740	76.118	-99.394	4.90263264e-12	1.107858828e-12	-1.107858828e-12
45403.527	56.682	-63.669	7.25438288e-12	1.641218028e-12	-1.641218028e-12
45560.353	65.338	-100.144	5.2798716e-12	1.191703592e-12	-1.191703592e-12
45709.543	79.123	-83.852	5.52963764e-12	1.216096e-12	-1.216096e-12
45877.180	92.009	-88.514	6.42739844e-12	1.252055204e-12	-1.252055204e-12
51000.642	89.282	-78.707	5.16899184e-12	1.157173728e-12	-1.157173728e-12
51209.501	65.965	-119.576	3.411655868e-12	8.97661476e-13	-8.97661476e-13
51346.142	102.328	-70.677	4.94202048e-12	1.111562296e-12	-1.111562296e-12
51593.308	135.978	-144.838	4.71496724e-12	8.5521168e-13	-8.5521168e-13
56830.992	105.256	-87.807	3.417780848e-12	8.9399788e-13	-8.9399788e-13
57034.132	112.730	-97.884	4.15232348e-12	9.40383612e-13	-9.40383612e-13
57338.783	209.246	-191.921	2.50814104e-12	5.29146652e-13	-5.29146652e-13
62642.021	140.727	-140.092	2.318493076e-12	6.08404356e-13	-6.08404356e-13
62919.985	110.987	-137.237	2.810147588e-12	7.0786684e-13	-7.0786684e-13
63196.822	112.458	-165.85	3.74340408e-12	7.73338444e-13	-7.73338444e-13
68467.215	122.402	-133.344	2.744270144e-12	6.9771372e-13	-6.9771372e-13
68764.975	243.360	-175.358	3.354296792e-12	5.98792e-13	-5.98792e-13
74229.030	166.139	-147.275	2.078179192e-12	5.4218622e-13	-5.4218622e-13
74523.089	120.304	-127.92	2.599076612e-12	6.8164388e-13	-6.8164388e-13
74780.165	108.941	-136.772	2.825176484e-12	7.11116408e-13	-7.11116408e-13
80032.453	170.792	-190.261	1.786486676e-12	4.73077364e-13	-4.73077364e-13
80320.476	110.934	-117.231	2.87612934e-12	7.48593596e-13	-7.48593596e-13
80538.754	138.372	-107.344	2.654795596e-12	6.95183628e-13	-6.95183628e-13
80780.385	107.351	-103.259	3.318666176e-12	8.37506732e-13	-8.37506732e-13
85809.416	103.410	-142.306	2.615408468e-12	6.87387584e-13	-6.87387584e-13
86079.472	219.480	-166.646	1.670014156e-12	4.37448528e-13	-4.37448528e-13
86492.934	214.705	-193.982	1.978753732e-12	4.65264232e-13	-4.65264232e-13
91537.828	127.147	-116.062	2.644649952e-12	6.93512564e-13	-6.93512564e-13
91773.020	167.760	-108.045	2.340018616e-12	6.115813e-13	-6.115813e-13
92162.278	164.628	-221.498	1.665842192e-12	4.37814496e-13	-4.37814496e-13
92612.362	336.350	-285.456	2.071127544e-12	3.8490008e-13	-3.8490008e-13
97432.551	87.538	-190.773	2.435565456e-12	6.34444688e-13	-6.34444688e-13
97752.449	136.215	-232.36	1.839059688e-12	4.79059944e-13	-4.79059944e-13
98084.274	150.399	-195.61	1.962774672e-12	5.10315676e-13	-5.10315676e-13
98545.160	283.739	-310.487	1.37087412e-12	3.25505752e-13	-3.25505752e-13
103168.972	177.349	-166.153	1.972714192e-12	5.14201772e-13	-5.14201772e-13
103584.692	160.291	-238.372	1.709088004e-12	4.44076536e-13	-4.44076536e-13
103896.450	182.005	-151.467	2.0471424e-12	5.33263436e-13	-5.33263436e-13
104356.818	230.614	-278.363	2.044438936e-12	4.30353448e-13	-4.30353448e-13
108965.035	285.672	-203.254	1.39368126e-12	3.6535568e-13	-3.6535568e-13
109456.815	207.598	-206.108	1.660828644e-12	4.33728684e-13	-4.33728684e-13
109940.665	408.237	-276.252	1.845183956e-12	3.526232332e-13	-3.526232332e-13
114787.363	279.650	-199.246	1.40933636e-12	3.68991508e-13	-3.68991508e-13
115252.438	112.944	-185.425	2.275180336e-12	5.92288948e-13	-5.92288948e-13
115754.314	413.401	-388.931	1.24186328e-12	2.690320836e-13	-2.690320836e-13
120648.483	177.185	-306.726	1.399814428e-12	3.66262768e-13	-3.66262768e-13
121395.860	533.017	-570.192	9.78027408e-13	2.025821916e-13	-2.025821916e-13
127072.548	1215.750	-910.783	1.049548164e-12	1.739723228e-13	-1.739723228e-13
132524.139	220.844	-601.555	8.33548724e-13	2.186533132e-13	-2.186533132e-13
133247.857	379.696	-502.874	1.201352616e-12	2.541414224e-13	-2.541414224e-13
138016.664	365.452	-334.089	9.7176964e-13	2.562168668e-13	-2.562168668e-13
138837.559	549.980	-455.443	1.082010024e-12	2.240283792e-13	-2.240283792e-13
143907.365	539.033	-403.717	7.08223552e-13	1.873302616e-13	-1.873302616e-13
144837.706	370.914	-391.309	9.39824336e-13	2.400406896e-13	-2.400406896e-13
149692.630	353.883	-423.384	8.6590236e-13	2.29493264e-13	-2.29493264e-13
152480.377	3288.457	-2433.864	9.87026376e-13	1.706561472e-13	-1.706561472e-13
165758.178	2070.256	-4916.67	6.53205176e-13	1.2687929e-13	-1.2687929e-13
173115.506	533.471	-692.599	8.78514372e-13	1.833130864e-13	-1.833130864e-13
178971.135	737.326	-789.62	5.7949858e-13	1.336727312e-13	-1.336727312e-13
184877.937	770.997	-933.967	5.26679928e-13	1.223284708e-13	-1.223284708e-13
190654.481	814.284	-890.682	7.81216368e-13	1.48190518e-13	-1.48190518e-13
196664.513	4694.745	-1137.377	4.5264332e-13	1.207533488e-13	-1.207533488e-13
202462.501	586.677	-1103.243	3.9593608e-13	1.062201116e-13	-1.062201116e-13
211444.387	3124.248	-4341.472	5.09043688e-13	8.7513522e-14	-8.7513522e-14
219614.938	773.207	-931.757	4.08548804e-13	1.081487772e-13	-1.081487772e-13
228481.858	3487.370	-4038.927	3.242469716e-13	6.895987e-14	-6.895987e-14
238685.073	3783.003	-2662.154	3.87265344e-13	9.7258488e-14	-9.7258488e-14
251569.718	8898.846	-3968.325	2.756997144e-13	6.764534e-14	-6.764534e-14
272025.685	6201.517	-7088.559	1.800013964e-13	4.67320132e-14	-4.67320132e-14
286589.629	3158.201	-4304.97	2.21591666e-13	5.91286096e-14	-5.91286096e-14
308483.185	10246.220	-14493.573	1.678805932e-13	3.322984812e-14	-3.322984812e-14
355068.869	9860.699	-14804.707	1.442478892e-13	3.79676136e-14	-3.79676136e-14
377147.019	10942.664	-8114.531	1.08308194e-13	2.952691056e-14	-2.952691056e-14
417709.139	28220.078	-25563.499	6.79557008e-14	1.857210704e-14	-1.857210704e-14
464019.384	10769.939	-14030.73	9.61790248e-14	2.530574736e-14	-2.530574736e-14
503919.530	34528.328	-25017.531	6.44823868e-14	1.860060484e-14	-1.860060484e-14
590690.269	58037.257	-48155.941	3.254949652e-14	9.18998692e-15	-9.18998692e-15
727597.370	88591.951	-74752.324	3.219021064e-14	8.1261272e-15	-8.1261272e-15
1063625.071	139323.653	-189801.098	1.021110528e-14	3.63791772e-15	-3.63791772e-15
1348019.126	150970.392	-140410.578	9.05804976e-15	3.394890048e-15	-3.394890048e-15
1622801.534	107546.048	-120314.336	1.162337864e-14	4.00984872e-15	-4.00984872e-15
2027831.075	691152.072	-294074.342	5.7239282e-15	2.680212928e-15	-2.265747048e-15
NO NO NO NO NO NO
! PCUL_incbad
3610170.585 833618.141 -885564.106 2.3839896e-14 0 0
62277143.081 23325.708 -23325.708 1.7294836e-13 0 0
64613605.409 29501.830 -29501.83 8.932396e-14 0 0
86236657.208 203312.106 -427613.03 6.433276e-15 0 0
96097375.832 75373.126 -5986.999 1.9198724e-13 0 0
128997684.316 86503.108 -86503.108 8.98366e-14 0 0
